 pyramidFy selected_ids [14, 13, 1, 9, 3, 11, 12, 4, 16, 5] {0, 1, 2, 3, 4, 5, 6, 7, 8, 9, 10, 11, 12, 13, 14, 15, 16, 17, 18, 19} 10
 pyramidFy selected_ids list [0, 1, 2, 3, 6, 8, 9, 11, 12, 13] {0, 1, 2, 3, 6, 8, 9, 11, 12, 13} 10
 pyramidFy selected_ids list [1, 2, 3, 4, 8, 10, 12, 13, 16, 19] {1, 2, 3, 4, 8, 10, 12, 13, 16, 19} 10
 pyramidFy selected_ids list [1, 2, 4, 7, 10, 11, 12, 13, 15, 19] {1, 2, 4, 7, 10, 11, 12, 13, 15, 19} 10
 pyramidFy selected_ids list [0, 2, 4, 6, 9, 12, 15, 17, 18, 19] {0, 2, 4, 6, 9, 12, 15, 17, 18, 19} 10
 pyramidFy selected_ids list [0, 1, 5, 7, 9, 10, 11, 14, 15, 17] {0, 1, 5, 7, 9, 10, 11, 14, 15, 17} 10
 pyramidFy selected_ids list [0, 3, 4, 6, 10, 13, 14, 17, 18, 19] {0, 3, 4, 6, 10, 13, 14, 17, 18, 19} 10
 pyramidFy selected_ids list [0, 2, 4, 9, 10, 11, 13, 15, 17, 18] {0, 2, 4, 9, 10, 11, 13, 15, 17, 18} 10
 pyramidFy selected_ids list [3, 4, 7, 8, 9, 10, 13, 15, 17, 19] {3, 4, 7, 8, 9, 10, 13, 15, 17, 19} 10
 pyramidFy selected_ids list [1, 3, 4, 6, 9, 11, 14, 15, 18, 19] {1, 3, 4, 6, 9, 11, 14, 15, 18, 19} 10
 pyramidFy selected_ids list [0, 1, 3, 4, 6, 7, 13, 14, 15, 18] {0, 1, 3, 4, 6, 7, 13, 14, 15, 18} 10
 pyramidFy selected_ids list [0, 1, 2, 3, 6, 7, 11, 14, 16, 19] {0, 1, 2, 3, 6, 7, 11, 14, 16, 19} 10
 pyramidFy selected_ids list [0, 1, 5, 6, 8, 11, 13, 15, 18, 19] {0, 1, 5, 6, 8, 11, 13, 15, 18, 19} 10
 pyramidFy selected_ids list [0, 2, 3, 8, 9, 10, 11, 14, 16, 18] {0, 2, 3, 8, 9, 10, 11, 14, 16, 18} 10
